0 .68475274725274725274
1 .69425901201602136181
2 .68242343541944074567
3 .67307692307692307692
4 .65637065637065637065
5 .66278272789581905414
6 .66623292127521145087
7 .67619680851063829787
8 .67088607594936708860
9 .65612648221343873517
10 .64640883977900552486
11 .66434054431263084438
12 .65436479772888573456
13 .65003513703443429374
14 .65024630541871921182
15 .67469050894085281980
16 .67168262653898768809
17 .65127175368139223560
18 .65116279069767441860
19 .64666666666666666666
20 .64509673115410273515
21 .66872005475701574264
22 .66575154426904598490
23 .65740097289784572619
24 .64824120603015075376
25 .62992125984251968503
26 .68646616541353383458
27 .68860946745562130177
28 .68047337278106508875
29 .68221574344023323615
30 .68992248062015503875
31 .70411723656664340544
32 .69472182596291012838
33 .69303338171262699564
34 .68681718863801893663
35 .68103448275862068965
36 .67311988086373790022
37 .66947207345065034429
38 .66974595842956120092
39 .66873065015479876160
40 .68290854572713643178
41 .68185388845247446975
42 .68391719745222929936
43 .67679127725856697819
44 .67915690866510538641
45 .67776917118512780790
46 .70022042615723732549
47 .68601190476190476190
48 .66481223922114047287
49 .67941585535465924895
50 .68673050615595075239
51 .67198838896952104499
52 .66218034993270524899
53 .65547347212894560107
54 .64753004005340453938
55 .64357095269820119920
56 .61964038727524204702
57 .60967302452316076294
58 .61728395061728395061
59 .62061855670103092783
60 .61839396019217570350
61 .63146853146853146853
62 .62745098039215686274
63 .64129668780831571529
64 .64158977998580553584
65 .65662228451296426068
66 .66594827586206896551
67 .65947955390334572490
68 .69783096484667165295
69 .70105421686746987951
70 .70164917541229385307
71 .68238993710691823899
72 .70083333333333333333
73 .70484949832775919732
74 .71021775544388609715
75 .69442262372348782403
76 .68707991038088125466
77 .68354430379746835443
78 .68596881959910913140
79 .68471810089020771513
80 .69208838203848895224
81 .68540145985401459854
82 .68759124087591240875
83 .69213973799126637554
84 .68900218499635833940
85 .68645251396648044692
86 .73594306049822064056
87 .72701354240912330719
88 .72435897435897435897
89 .72565742714996446339
90 .72720797720797720797
91 .72206303724928366762
92 .73137535816618911174
93 .73601147776183644189
94 .73428571428571428571
95 .72928571428571428571
96 .70780141843971631205
97 .70759403832505322924
98 .70842179759377211606
99 .70807017543859649122
100 .71479885057471264367
101 .69095816464237516869
102 .67706919945725915875
103 .67619047619047619047
104 .67140825035561877667
105 .66832034018426647767
106 .66737588652482269503
107 .66903409090909090909
108 .66878980891719745222
109 .66737438075017692852
110 .65998617829993089149
111 .66480055983205038488
112 .66526610644257703081
113 .65618448637316561844
114 .65850244926522043386
115 .64599303135888501742
116 .63030746705710102489
117 .61884057971014492753
118 .61455331412103746397
119 .61294964028776978417
120 .61002178649237472766
121 .62302158273381294964
122 .64541547277936962750
123 .64874551971326164874
124 .65211166785969935576
125 .65301724137931034482
126 .67225054624908958485
127 .67198838896952104499
128 .67685589519650655021
129 .67807720320466132556
130 .68939955522609340252
131 .71448565430370888733
132 .68847795163584637268
133 .69083155650319829424
134 .68896797153024911032
135 .69409282700421940928
136 .68178493050475493782
137 .68274853801169590643
138 .68319763138415988156
139 .69423929098966026587
140 .69841269841269841269
141 .65170940170940170940
142 .65502494654312188168
143 .64365411436541143654
144 .64456981664315937940
145 .65398167723749119097
146 .67949615115465360391
147 .68635724331926863572
148 .68565400843881856540
149 .68591549295774647887
150 .70856741573033707865
151 .70567375886524822695
152 .70892351274787535410
153 .71458923512747875354
154 .71843971631205673758
155 .71894960965223562810
156 .70944992947813822284
157 .71306818181818181818
158 .71377840909090909090
159 .71550497866287339971
160 .71581196581196581196
161 .71187800963081861958
162 .70843373493975903614
163 .70682730923694779116
164 .70578778135048231511
165 .70376301040832666132
166 .69182389937106918238
167 .69321766561514195583
168 .69212598425196850393
169 .69561752988047808764
170 .69672785315243415802
171 .72079536039768019884
172 .72328086164043082021
173 .72043010752688172043
174 .72222222222222222222
175 .72516556291390728476
176 .72359735973597359735
177 .72359735973597359735
178 .72240527182866556836
179 .72075782537067545304
180 .71934156378600823045
181 .68811881188118811881
182 .68009868421052631578
183 .67487684729064039408
184 .66721446179129005751
185 .66146261298274445357
186 .65438165438165438165
187 .66118421052631578947
188 .65576451349141455437
189 .65686274509803921568
190 .65061224489795918367
191 .63787638668779714738
192 .63816310372129849564
193 .63708399366085578446
194 .63600317208564631245
195 .63153724247226624405
196 .61720599842146803472
197 .61829652996845425867
198 .61660079051383399209
199 .61422924901185770750
200 .61787974683544303797
201 .62241887905604719764
202 .61561119293078055964
203 .61016949152542372881
204 .60516605166051660516
205 .60250737463126843657
206 .60250737463126843657
207 .59985261606484893146
208 .60264900662251655629
209 .60147058823529411764
210 .59970566593083149374
211 .59852941176470588235
212 .59676232523914643119
213 .59808963997060984570
214 .58957415565345080763
215 .58706833210874357090
216 .58681318681318681318
217 .59047619047619047619
218 .58552631578947368421
219 .58771929824561403508
220 .58625730994152046783
221 .58698830409356725146
222 .58819241982507288629
223 .59094229364499634769
224 .59400146305779078273
225 .59471365638766519823
226 .59633699633699633699
227 .59340659340659340659
228 .59516837481698389458
229 .59546452084857351865
230 .61813842482100238663
231 .52668213457076566125
232 .52200772200772200772
233 .50998463901689708141
234 .49120122417750573833
235 .48971820258948971820
236 .48560606060606060606
237 .48123123123123123123
238 .47930775018811136192
239 .46774193548387096774
240 .46739926739926739926
241 .45669291338582677165
242 .45350500715307582260
243 .45318084345961401000
244 .45175125089349535382
245 .45046329294369208838
246 .44911032028469750889
247 .44776119402985074626
248 .44357700496806245564
249 .44757213230119634060
250 .44389555398729710656
