0 48175
1 50302
2 49485
3 49121
4 49297
5 46548
6 49432
7 49267
8 48711
9 48200
10 45339
11 46277
12 44589
13 44940
14 44936
15 47637
16 47636
17 47297
18 47639
19 47092
20 46929
21 47349
22 46960
23 45973
24 43674
25 42577
26 44326
27 45264
28 44672
29 45417
30 47534
31 49071
32 47439
33 46638
34 46073
35 46179
36 43834
37 42560
38 42389
39 42031
40 44421
41 42306
42 41858
43 42336
44 42230
45 42555
46 46434
47 44978
48 46580
49 47619
50 48803
51 45159
52 48060
53 47809
54 47354
55 47295
56 43793
57 43779
58 43891
59 44010
60 43900
61 43996
62 43738
63 44437
64 44167
65 45598
66 45160
67 43238
68 45569
69 45639
70 45753
71 42348
72 41013
73 41189
74 41383
75 43348
76 45093
77 44935
78 45176
79 45176
80 47629
81 46022
82 46210
83 46552
84 46288
85 48202
86 50741
87 50105
88 49937
89 50140
90 50077
91 49473
92 50170
93 50356
94 50376
95 50073
96 48898
97 48913
98 48992
99 49407
100 48881
101 50193
102 48961
103 48690
104 46406
105 46230
106 46148
107 46290
108 46304
109 46294
110 46701
111 46491
112 46527
113 46037
114 46181
115 45444
116 42174
117 42002
118 41826
119 41825
120 41185
121 42498
122 44131
123 44416
124 44709
125 44626
126 45155
127 45255
128 45547
129 45555
130 45602
131 49977
132 47536
133 47649
134 47482
135 48424
136 45704
137 45755
138 45340
139 46092
140 45382
141 44914
142 45071
143 45374
144 44842
145 45567
146 47724
147 48031
148 47929
149 47919
150 49497
151 48866
152 49124
153 49550
154 49834
155 49837
156 49325
157 49247
158 49311
159 49445
160 49474
161 43632
162 43411
163 43325
164 43321
165 43237
166 43303
167 43384
168 43273
169 42931
170 43000
171 42851
172 43007
173 42843
174 42965
175 43160
176 43197
177 43226
178 43177
179 43101
180 43040
181 41296
182 40808
183 40497
184 40064
185 39760
186 39384
187 39743
188 39526
189 39692
190 39397
191 39815
192 39823
193 39745
194 39666
195 39382
196 38650
197 38715
198 38605
199 38452
200 38621
201 41620
202 41193
203 40856
204 40543
205 40389
206 40375
207 40202
208 40395
209 40322
210 40185
211 40116
212 40010
213 40100
214 39560
215 39427
216 39447
217 39734
218 39449
219 39648
220 39600
221 39639
222 39705
223 39862
224 40035
225 39983
226 40131
227 39974
228 40134
229 40193
230 38259
231 33611
232 33419
233 32768
234 31677
235 31695
236 31580
237 31546
238 31430
239 31411
240 31519
241 31462
242 31273
243 31278
244 31206
245 31149
246 31130
247 31114
248 30900
249 31382
250 31069
