0 70354
1 72455.3
2 72514.8
3 72980.9
4 75106.2
5 70231.7
6 74196.4
7 72859.9
8 72607.7
9 73462.3
10 70140.2
11 69659.9
12 68141.4
13 69135.5
14 69106.7
15 70606
16 70920.8
17 72623.7
18 73160.6
19 72822.8
20 72747.7
21 70806.4
22 70537.6
23 69932.4
24 67374.3
25 67592
26 64572.3
27 65733.6
28 65649.2
29 66573.1
30 68898.2
31 69691.7
32 68286.2
33 67295.5
34 67082.7
35 67807.7
36 65120.9
37 63573.4
38 63291.7
39 62852.2
40 65047.6
41 62046.7
42 61204.5
43 62554.4
44 62180.5
45 62787.3
46 66314.2
47 65564.5
48 70066.2
49 70089.5
50 71065.8
51 67202.2
52 72578.9
53 72938.2
54 73130.8
55 73489.1
56 70675.1
57 71807.8
58 71104.1
59 70913.5
60 70990.8
61 69673.9
62 69707.8
63 69293
64 68840.4
65 69444.1
66 67814.2
67 65564.7
68 65301.8
69 65100.9
70 65207.9
71 62058.8
72 58521.4
73 58436.6
74 58268.6
75 62423.3
76 65630.2
77 65738.4
78 65858
79 65978.1
80 68819.3
81 67147.4
82 67205.8
83 67259.5
84 67182.4
85 70220.2
86 68947.4
87 68919
88 68940.5
89 69097.1
90 68862.3
91 68517.3
92 68597.1
93 68418.5
94 68606.6
95 68661.4
96 69085.4
97 69126.1
98 69157
99 69778
100 68384.3
101 72644
102 72314.5
103 72006.9
104 69118.5
105 69174.6
106 69148.6
107 69189.8
108 69236.3
109 69367.6
110 70761.4
111 69932.3
112 69938.2
113 70158.9
114 70131
115 70348.2
116 66910.3
117 67873.6
118 68059.5
119 68236
120 67515.3
121 68213.9
122 68376.6
123 68464.5
124 68561
125 68338.9
126 67170.7
127 67345.9
128 67292.7
129 67182.8
130 66148.8
131 69948.8
132 69046.3
133 68974.2
134 68918.3
135 69766.6
136 67036.4
137 67016.3
138 66365
139 66392.8
140 64979.4
141 68918.4
142 68808.3
143 70494.4
144 69570.3
145 69676.6
146 70234.4
147 69979.7
148 69903
149 69862.8
150 69855.8
151 69248.4
152 69294.7
153 69341.4
154 69365.4
155 69320.3
156 69526.3
157 69063.8
158 69085.4
159 69105.3
160 69117
161 61291.6
162 61278.6
163 61296
164 61380.4
165 61437.8
166 62593.3
167 62583.6
168 62522.9
169 61717.1
170 61717.5
171 59450.2
172 59461.4
173 59469.9
174 59490.5
175 59518.7
176 59697.6
177 59738.4
178 59768.9
179 59800.8
180 59833.8
181 60013.6
182 60003.4
183 60007.9
184 60047.3
185 60109.4
186 60185.9
187 60109.6
188 60275.6
189 60426.8
190 60554.8
191 62418.1
192 62403
193 62386.2
194 62368.2
195 62359.1
196 62622
197 62616.5
198 62609.6
199 62603.2
200 62506.3
201 66868.8
202 66915
203 66959.4
204 66995.8
205 67035.1
206 67013.1
207 67021
208 67029.7
209 67039.1
210 67008.5
211 67025.5
212 67046.5
213 67047.9
214 67100.2
215 67160.6
216 67224
217 67292.2
218 67374.9
219 67461.7
220 67548.3
221 67529.9
222 67504
223 67455
224 67399.2
225 67231.3
226 67297.5
227 67365
228 67433.8
229 67499.8
230 61894.9
231 63816.5
232 64021.6
233 64254.8
234 64490.3
235 64721.8
236 65033.7
237 65553.8
238 65574.9
239 67156.6
240 67434.9
241 68892.9
242 68960
243 69019.2
244 69078.5
245 69150
246 69314.9
247 69489.3
248 69662.9
249 70117.3
250 69993.9
